INDICE          U(INDICE)
    1     0.000000e-00
    2     0.000000e-00
    3     9.677282e-05
    4    -1.444445e-01
    5     1.082069e-01
    6    -1.444445e-01
    7     1.935459e-04
    8    -2.886310e-01
    9     1.080774e-01
   10    -2.886674e-01
   11     3.550752e-04
   12    -4.324492e-01
   13     1.078896e-01
   14    -4.324820e-01
   15     5.749569e-04
   16    -5.757201e-01
   17     1.076433e-01
   18    -5.757529e-01
   19     8.531918e-04
   20    -7.182917e-01
   21     1.073388e-01
   22    -7.183246e-01
   23     1.188183e-03
   24    -8.600106e-01
   25     1.069758e-01
   26    -8.600435e-01
   27     1.581528e-03
   28    -1.000721e+00
   29     1.065545e-01
   30    -1.000754e+00
   31     2.033231e-03
   32    -1.140251e+00
   33     1.060813e-01
   34    -1.140280e+00
   35     2.536891e-03
   36    -1.278475e+00
   37     1.055561e-01
   38    -1.278504e+00
   39     3.092516e-03
   40    -1.415258e+00
   41     1.049789e-01
   42    -1.415287e+00
   43     3.698521e-03
   44    -1.550463e+00
   45     1.043497e-01
   46    -1.550492e+00
   47     4.356510e-03
   48    -1.683952e+00
   49     1.036686e-01
   50    -1.683981e+00
   51     5.066478e-03
   52    -1.815569e+00
   53     1.029419e-01
   54    -1.815595e+00
   55     5.822008e-03
   56    -1.945206e+00
   57     1.021696e-01
   58    -1.945232e+00
   59     6.623096e-03
   60    -2.072746e+00
   61     1.013518e-01
   62    -2.072772e+00
   63     7.468141e-03
   64    -2.198068e+00
   65     1.004884e-01
   66    -2.198094e+00
   67     8.358746e-03
   68    -2.321052e+00
   69     9.957940e-02
   70    -2.321078e+00
   71     9.294938e-03
   72    -2.441559e+00
   73     9.863124e-02
   74    -2.441581e+00
   75     1.027030e-02
   76    -2.559498e+00
   77     9.764393e-02
   78    -2.559520e+00
   79     1.128482e-02
   80    -2.674767e+00
   81     9.661746e-02
   82    -2.674789e+00
   83     1.233689e-02
   84    -2.787265e+00
   85     9.555183e-02
   86    -2.787287e+00
   87     1.342812e-02
   88    -2.896888e+00
   89     9.444704e-02
   90    -2.896910e+00
   91     1.455850e-02
   92    -3.003513e+00
   93     9.330948e-02
   94    -3.003532e+00
   95     1.572165e-02
   96    -3.107067e+00
   97     9.213914e-02
   98    -3.107086e+00
   99     1.691758e-02
  100    -3.207466e+00
  101     9.093604e-02
  102    -3.207485e+00
  103     1.814466e-02
  104    -3.304625e+00
  105     8.970015e-02
  106    -3.304644e+00
  107     1.940453e-02
  108    -3.398457e+00
  109     8.843147e-02
  110    -3.398475e+00
  111     2.069719e-02
  112    -3.488856e+00
  113     8.713646e-02
  114    -3.488871e+00
  115     2.201617e-02
  116    -3.575767e+00
  117     8.581513e-02
  118    -3.575781e+00
  119     2.336149e-02
  120    -3.659122e+00
  121     8.446744e-02
  122    -3.659136e+00
  123     2.473157e-02
  124    -3.738853e+00
  125     8.309339e-02
  126    -3.738868e+00
  127     2.612801e-02
  128    -3.814890e+00
  129     8.169296e-02
  130    -3.814905e+00
  131     2.755081e-02
  132    -3.887147e+00
  133     8.027255e-02
  134    -3.887158e+00
  135     2.899359e-02
  136    -3.955582e+00
  137     7.883212e-02
  138    -3.955593e+00
  139     3.045638e-02
  140    -4.020146e+00
  141     7.737181e-02
  142    -4.020157e+00
  143     3.193745e-02
  144    -4.080788e+00
  145     7.589164e-02
  146    -4.080799e+00
  147     3.343839e-02
  148    -4.137455e+00
  149     7.439162e-02
  150    -4.137466e+00
  151     3.495919e-02
  152    -4.190078e+00
  153     7.287811e-02
  154    -4.190086e+00
  155     3.649348e-02
  156    -4.238633e+00
  157     7.135114e-02
  158    -4.238641e+00
  159     3.804124e-02
  160    -4.283089e+00
  161     6.981067e-02
  162    -4.283097e+00
  163     3.960089e-02
  164    -4.323412e+00
  165     6.825663e-02
  166    -4.323420e+00
  167     4.117411e-02
  168    -4.359565e+00
  169     6.668907e-02
  170    -4.359572e+00
  171     4.276087e-02
  172    -4.391495e+00
  173     6.511439e-02
  174    -4.391499e+00
  175     4.435474e-02
  176    -4.419197e+00
  177     6.353259e-02
  178    -4.419201e+00
  179     4.595573e-02
  180    -4.442655e+00
  181     6.194376e-02
  182    -4.442659e+00
  183     4.756216e-02
  184    -4.461853e+00
  185     6.034790e-02
  186    -4.461857e+00
  187     4.917560e-02
  188    -4.476772e+00
  189     5.874499e-02
  190    -4.476776e+00
  191     5.079611e-02
  192    -4.487376e+00
  193     5.714138e-02
  194    -4.487377e+00
  195     5.241731e-02
  196    -4.493677e+00
  197     5.553705e-02
  198    -4.493678e+00
  199     5.403923e-02
  200    -4.495677e+00
  201     5.393206e-02
  202    -4.495677e+00
  203     5.566023e-02
  204    -4.493374e+00
  205     5.232642e-02
  206    -4.493375e+00
  207     5.728188e-02
  208    -4.486769e+00
  209     5.072020e-02
  210    -4.486769e+00
  211     5.890410e-02
  212    -4.475843e+00
  213     4.911970e-02
  214    -4.475839e+00
  215     6.052058e-02
  216    -4.460623e+00
  217     4.752495e-02
  218    -4.460620e+00
  219     6.213132e-02
  220    -4.441130e+00
  221     4.593590e-02
  222    -4.441127e+00
  223     6.373474e-02
  224    -4.417380e+00
  225     4.435264e-02
  226    -4.417377e+00
  227     6.533237e-02
  228    -4.389389e+00
  229     4.277516e-02
  230    -4.389385e+00
  231     6.692421e-02
  232    -4.357155e+00
  233     4.120983e-02
  234    -4.357148e+00
  235     6.850391e-02
  236    -4.320724e+00
  237     3.965662e-02
  238    -4.320718e+00
  239     7.007151e-02
  240    -4.280133e+00
  241     3.811556e-02
  242    -4.280126e+00
  243     7.162536e-02
  244    -4.235415e+00
  245     3.658665e-02
  246    -4.235408e+00
  247     7.316705e-02
  248    -4.186602e+00
  249     3.506991e-02
  250    -4.186595e+00
  251     7.469658e-02
  252    -4.133711e+00
  253     3.357176e-02
  254    -4.133701e+00
  255     7.620752e-02
  256    -4.076805e+00
  257     3.209217e-02
  258    -4.076794e+00
  259     7.769990e-02
  260    -4.015936e+00
  261     3.063112e-02
  262    -4.015925e+00
  263     7.917213e-02
  264    -3.951156e+00
  265     2.918859e-02
  266    -3.951145e+00
  267     8.062583e-02
  268    -3.882514e+00
  269     2.776461e-02
  270    -3.882504e+00
  271     8.206100e-02
  272    -3.810044e+00
  273     2.636554e-02
  274    -3.810030e+00
  275     8.347123e-02
  276    -3.733823e+00
  277     2.499149e-02
  278    -3.733809e+00
  279     8.485643e-02
  280    -3.653924e+00
  281     2.364248e-02
  282    -3.653910e+00
  283     8.621501e-02
  284    -3.570415e+00
  285     2.231854e-02
  286    -3.570401e+00
  287     8.754852e-02
  288    -3.483362e+00
  289     2.101964e-02
  290    -3.483348e+00
  291     8.885698e-02
  292    -3.392816e+00
  293     1.975220e-02
  294    -3.392799e+00
  295     9.013398e-02
  296    -3.298874e+00
  297     1.851623e-02
  298    -3.298857e+00
  299     9.137952e-02
  300    -3.201624e+00
  301     1.731178e-02
  302    -3.201606e+00
  303     9.259196e-02
  304    -3.101150e+00
  305     1.613886e-02
  306    -3.101132e+00
  307     9.377285e-02
  308    -2.997538e+00
  309     1.499747e-02
  310    -2.997521e+00
  311     9.492222e-02
  312    -2.890856e+00
  313     1.389401e-02
  314    -2.890834e+00
  315     9.603365e-02
  316    -2.781216e+00
  317     1.282851e-02
  318    -2.781194e+00
  319     9.710713e-02
  320    -2.668724e+00
  321     1.180094e-02
  322    -2.668703e+00
  323     9.814108e-02
  324    -2.553484e+00
  325     1.081129e-02
  326    -2.553463e+00
  327     9.913712e-02
  328    -2.435596e+00
  329     9.859557e-03
  330    -2.435575e+00
  331     1.000952e-01
  332    -2.315145e+00
  333     8.952143e-03
  334    -2.315120e+00
  335     1.010091e-01
  336    -2.192262e+00
  337     8.089074e-03
  338    -2.192237e+00
  339     1.018785e-01
  340    -2.067069e+00
  341     7.270342e-03
  342    -2.067044e+00
  343     1.027021e-01
  344    -1.939686e+00
  345     6.495946e-03
  346    -1.939661e+00
  347     1.034813e-01
  348    -1.810232e+00
  349     5.765864e-03
  350    -1.810207e+00
  351     1.042162e-01
  352    -1.678808e+00
  353     5.086482e-03
  354    -1.678780e+00
  355     1.049004e-01
  356    -1.545562e+00
  357     4.457829e-03
  358    -1.545534e+00
  359     1.055338e-01
  360    -1.410634e+00
  361     3.879920e-03
  362    -1.410605e+00
  363     1.061149e-01
  364    -1.274160e+00
  365     3.352759e-03
  366    -1.274131e+00
  367     1.066453e-01
  368    -1.136276e+00
  369     2.876344e-03
  370    -1.136247e+00
  371     1.071249e-01
  372    -9.971002e-01
  373     2.457085e-03
  374    -9.970681e-01
  375     1.075474e-01
  376    -8.567988e-01
  377     2.094977e-03
  378    -8.567667e-01
  379     1.079127e-01
  380    -7.155276e-01
  381     1.790021e-03
  382    -7.154954e-01
  383     1.082193e-01
  384    -5.734409e-01
  385     1.542216e-03
  386    -5.734088e-01
  387     1.084687e-01
  388    -4.306914e-01
  389     1.351560e-03
  390    -4.306592e-01
  391     1.086609e-01
  392    -2.874146e-01
  393     1.224456e-03
  394    -2.873788e-01
  395     1.087896e-01
  396    -1.437931e-01
  397     1.160903e-03
  398    -1.437573e-01
  399     1.088548e-01
  400     0.000000e-00
